#use this script to load all your data

testColumnifyFull <-        c(1,1,1,1,1,1,1,0,1,1,1,1,0,0,1,1,0,0,0,0)
testColumnifyFullMinimal <- c(1,1,1,1,1,1,1,0,1,1,1,1,0,0,1,1,0,0,0,0)
testColumnify90P <-         c(1,1,1,1,1,1,1,0,1,0,0,1,0,0,0,0,0,0,0,0)
testColumnify90PMinimal <-  c(1,1,1,1,1,1,1,0,1,0,0,1,0,0,0,0,0,0,0,0)
testColumnify80P <-         c(0,1,0,1,0,0,0,0,1,0,0,1,0,0,0,0,0,0,0,0)
testColumnify80PMinimal <-  c(0,1,0,1,0,0,0,0,1,0,0,1,0,0,0,0,0,0,0,0)
testColumnify70P <-          c(0,1,0,1,0,0,0,0,1,0,0,1,0,0,0,0,0,0,0,0)
testColumnify70PMinimal <-  c(0,1,0,1,0,0,0,0,1,0,0,1,0,0,0,0,0,0,0,0)
testColumnify40P <-          c(0,0,0,0,0,0,0,0,0,0,0,0,0,0,0,0,0,0,0,0)
testColumnify40PMinimal <-  c(0,0,0,0,0,0,0,0,0,0,0,0,0,0,0,0,0,0,0,0)
testColumnify30P <-          c(0,0,0,0,0,0,0,0,0,0,0,0,0,0,0,0,0,0,0,0)
testColumnify30PMinimal <-  c(0,0,0,0,0,0,0,0,0,0,0,0,0,0,0,0,0,0,0,0)

testColumnify0C <-  c(0,0,0,0,0,0,0,0,0,0,0,0,0,0,0,0,0,0,0,0)
testColumnify1C <-  c(0,0,0,0,0,0,0,0,0,0,0,0,0,0,0,0,0,0,0,0)
testColumnify2C <-  c(0,0,0,0,0,0,0,0,0,0,0,0,0,0,0,0,0,0,0,0)
testColumnify3C <-  c(0,0,0,0,0,0,0,0,0,0,0,0,0,0,0,0,0,0,0,0)
testColumnify5C <-  c(0,0,0,0,0,0,0,0,0,0,0,0,0,0,0,0,0,0,0,0)
testColumnify10C <- c(1,1,0,1,1,1,0,0,1,0,0,1,0,0,1,0,0,0,0,0)
testColumnify15C <- c(1,1,0,1,1,1,0,0,1,1,0,1,0,0,1,1,0,0,0,0)
testColumnify20C <- c(1,1,0,1,1,1,0,0,1,1,0,1,0,0,1,1,0,0,0,0)
testColumnify25C <- c(1,1,1,1,1,1,1,0,1,1,0,1,0,0,1,1,0,0,0,0)  

nOfBugs = 20;
permutations <- matrix(nrow = 100, ncol = nOfBugs)

permutations[1,] = c(1,1,1,1,1,1,1,0,1,1,0,1,0,0,1,0,0,0,0,0)[1:nOfBugs]
permutations[2,] = c(1,1,1,1,1,1,0,0,1,1,0,1,0,0,0,1,0,0,0,0)[1:nOfBugs]
permutations[3,] = c(1,1,1,1,1,1,1,0,1,1,0,1,0,0,1,1,0,0,0,0)[1:nOfBugs]
permutations[4,] = c(1,1,1,1,1,1,1,0,1,1,0,1,0,0,1,1,0,0,0,0)[1:nOfBugs]
permutations[5,] = c(1,1,1,1,1,1,1,0,1,1,0,1,0,0,1,1,0,0,0,0)[1:nOfBugs]
permutations[6,] = c(1,1,1,1,1,1,1,0,1,1,0,1,0,0,1,1,0,0,0,0)[1:nOfBugs]
permutations[7,] = c(1,1,1,1,1,1,1,0,1,1,0,1,0,0,1,1,0,0,0,0)[1:nOfBugs]
permutations[8,] = c(1,1,1,1,1,1,1,0,1,1,0,1,0,0,1,1,0,0,0,0)[1:nOfBugs]
permutations[9,] = c(1,1,1,1,1,1,1,0,1,1,0,1,0,0,1,1,0,0,0,0)[1:nOfBugs]
permutations[10,] = c(1,1,1,1,1,1,1,0,1,1,0,1,0,0,1,1,0,0,0,0)[1:nOfBugs]
permutations[11,] = c(1,1,1,1,1,1,0,0,1,1,0,1,0,0,1,0,0,0,0,0)[1:nOfBugs]
permutations[12,] = c(1,1,1,1,1,1,1,0,1,1,0,1,0,0,0,0,0,0,0,0)[1:nOfBugs]
permutations[13,] = c(1,1,1,1,1,1,1,0,1,1,0,1,0,0,1,1,0,0,0,0)[1:nOfBugs]
permutations[14,] = c(1,1,1,1,1,1,1,0,1,1,0,1,0,0,1,1,0,0,0,0)[1:nOfBugs]
permutations[15,] = c(1,1,1,1,1,1,1,0,1,1,0,1,0,0,0,0,0,0,0,0)[1:nOfBugs]
permutations[16,] = c(1,1,1,1,1,1,1,0,1,1,0,1,0,0,1,1,0,0,0,0)[1:nOfBugs]
permutations[17,] = c(1,1,1,1,1,1,1,0,1,1,0,1,0,0,1,1,0,0,0,0)[1:nOfBugs]
permutations[18,] = c(1,1,1,1,1,1,1,0,1,1,0,1,0,0,1,1,0,0,0,0)[1:nOfBugs]
permutations[19,] = c(1,1,1,1,1,1,1,0,1,1,0,1,0,0,1,1,0,0,0,0)[1:nOfBugs]
permutations[20,] = c(1,1,1,1,1,1,1,0,1,1,0,1,0,0,1,1,0,0,0,0)[1:nOfBugs]
permutations[21,] = c(1,1,1,1,1,1,1,0,1,1,0,1,0,0,0,1,0,0,0,0)[1:nOfBugs]
permutations[22,] = c(1,1,1,1,1,1,1,0,1,1,0,1,0,0,0,0,0,0,0,0)[1:nOfBugs]
permutations[23,] = c(1,1,1,1,1,1,1,0,1,1,0,1,0,0,1,0,0,0,0,0)[1:nOfBugs]
permutations[24,] = c(1,1,1,1,1,1,0,0,1,1,0,1,0,0,1,0,0,0,0,0)[1:nOfBugs]
permutations[25,] = c(1,1,1,1,1,1,1,0,1,1,0,1,0,0,0,1,0,0,0,0)[1:nOfBugs]
permutations[26,] = c(1,1,1,1,1,1,1,0,1,1,0,1,0,0,1,1,0,0,0,0)[1:nOfBugs]
permutations[27,] = c(1,1,1,1,1,1,1,0,1,1,0,1,0,0,0,1,0,0,0,0)[1:nOfBugs]
permutations[28,] = c(1,1,1,1,1,1,1,0,1,1,0,1,0,0,1,0,0,0,0,0)[1:nOfBugs]
permutations[29,] = c(1,1,1,1,1,1,1,0,1,1,0,1,0,0,0,1,0,0,0,0)[1:nOfBugs]
permutations[30,] = c(1,1,1,1,1,1,1,0,1,1,0,1,0,0,1,1,0,0,0,0)[1:nOfBugs]
permutations[31,] = c(1,1,1,1,1,1,1,0,1,1,0,1,0,0,1,1,0,0,0,0)[1:nOfBugs]
permutations[32,] = c(1,1,1,1,1,1,1,0,1,1,0,1,0,0,0,0,0,0,0,0)[1:nOfBugs]
permutations[33,] = c(1,1,1,1,1,1,0,0,1,1,0,1,0,0,1,0,0,0,0,0)[1:nOfBugs]
permutations[34,] = c(1,1,1,1,1,1,0,0,1,1,0,1,0,0,0,1,0,0,0,0)[1:nOfBugs]
permutations[35,] = c(1,1,1,1,1,1,1,0,1,1,0,1,0,0,1,1,0,0,0,0)[1:nOfBugs]
permutations[36,] = c(1,1,1,1,1,1,0,0,1,1,0,1,0,0,0,1,0,0,0,0)[1:nOfBugs]
permutations[37,] = c(1,1,1,1,1,1,1,0,1,1,0,1,0,0,1,1,0,0,0,0)[1:nOfBugs]
permutations[38,] = c(1,1,1,1,1,1,1,0,1,1,0,1,0,0,1,1,0,0,0,0)[1:nOfBugs]
permutations[39,] = c(1,1,1,1,1,1,0,0,1,1,0,1,0,0,0,1,0,0,0,0)[1:nOfBugs]
permutations[40,] = c(1,1,1,1,1,1,1,0,1,1,0,1,0,0,1,1,0,0,0,0)[1:nOfBugs]
permutations[41,] = c(1,1,1,1,1,1,1,0,1,1,0,1,0,0,0,1,0,0,0,0)[1:nOfBugs]
permutations[42,] = c(1,1,1,1,1,1,1,0,1,1,0,1,0,0,1,1,0,0,0,0)[1:nOfBugs]
permutations[43,] = c(1,1,1,1,1,1,1,0,1,1,0,1,0,0,1,1,0,0,0,0)[1:nOfBugs]
permutations[44,] = c(1,1,1,1,1,1,1,0,1,1,0,1,0,0,1,0,0,0,0,0)[1:nOfBugs]
permutations[45,] = c(1,1,1,1,1,1,1,0,1,1,0,1,0,0,1,1,0,0,0,0)[1:nOfBugs]
permutations[46,] = c(1,1,1,1,1,1,1,0,1,1,0,1,0,0,0,1,0,0,0,0)[1:nOfBugs]
permutations[47,] = c(1,1,1,1,1,1,1,0,1,1,0,1,0,0,0,1,0,0,0,0)[1:nOfBugs]
permutations[48,] = c(1,1,1,1,1,1,1,0,1,1,0,1,0,0,1,1,0,0,0,0)[1:nOfBugs]
permutations[49,] = c(1,1,1,1,1,1,1,0,1,1,0,1,0,0,1,1,0,0,0,0)[1:nOfBugs]
permutations[50,] = c(1,1,1,1,1,1,1,0,1,1,0,1,0,0,1,1,0,0,0,0)[1:nOfBugs]
permutations[51,] = c(1,1,1,1,1,1,1,0,1,1,0,1,0,0,0,1,0,0,0,0)[1:nOfBugs]
permutations[52,] = c(1,1,1,1,1,1,1,0,1,1,0,1,0,0,1,1,0,0,0,0)[1:nOfBugs]
permutations[53,] = c(1,1,1,1,1,1,1,0,1,1,0,1,0,0,1,0,0,0,0,0)[1:nOfBugs]
permutations[54,] = c(1,1,1,1,1,1,1,0,1,1,0,1,0,0,1,1,0,0,0,0)[1:nOfBugs]
permutations[55,] = c(1,1,1,1,1,1,1,0,1,1,0,1,0,0,0,1,0,0,0,0)[1:nOfBugs]
permutations[56,] = c(1,1,1,1,1,1,1,0,1,1,0,1,0,0,1,1,0,0,0,0)[1:nOfBugs]
permutations[57,] = c(1,1,1,1,1,1,1,0,1,1,0,1,0,0,1,1,0,0,0,0)[1:nOfBugs]
permutations[58,] = c(1,1,1,1,1,1,0,0,1,1,0,1,0,0,1,1,0,0,0,0)[1:nOfBugs]
permutations[59,] = c(1,1,1,1,1,1,1,0,1,1,0,1,0,0,1,1,0,0,0,0)[1:nOfBugs]
permutations[60,] = c(1,1,1,1,1,1,1,0,1,1,0,1,0,0,1,1,0,0,0,0)[1:nOfBugs]
permutations[61,] = c(1,1,1,1,1,1,1,0,1,1,0,1,0,0,1,0,0,0,0,0)[1:nOfBugs]
permutations[62,] = c(1,1,1,1,1,1,0,0,1,1,0,1,0,0,1,1,0,0,0,0)[1:nOfBugs]
permutations[63,] = c(1,1,1,1,1,1,1,0,1,1,0,1,0,0,1,1,0,0,0,0)[1:nOfBugs]
permutations[64,] = c(1,1,1,1,1,1,1,0,1,1,0,1,0,0,1,1,0,0,0,0)[1:nOfBugs]
permutations[65,] = c(1,1,1,1,1,1,1,0,1,1,0,1,0,0,1,1,0,0,0,0)[1:nOfBugs]
permutations[66,] = c(1,1,1,1,1,1,1,0,1,1,0,1,0,0,1,0,0,0,0,0)[1:nOfBugs]
permutations[67,] = c(1,1,1,1,1,1,1,0,1,1,0,1,0,0,1,1,0,0,0,0)[1:nOfBugs]
permutations[68,] = c(1,1,1,1,1,1,0,0,1,1,0,1,0,0,1,1,0,0,0,0)[1:nOfBugs]
permutations[69,] = c(1,1,1,1,1,1,1,0,1,1,0,1,0,0,0,1,0,0,0,0)[1:nOfBugs]
permutations[70,] = c(1,1,1,1,1,1,1,0,1,1,0,1,0,0,1,1,0,0,0,0)[1:nOfBugs]
permutations[71,] = c(1,1,1,1,1,1,1,0,1,1,0,1,0,0,0,1,0,0,0,0)[1:nOfBugs]
permutations[72,] = c(1,1,1,1,1,1,0,0,1,1,0,1,0,0,1,1,0,0,0,0)[1:nOfBugs]
permutations[73,] = c(1,1,1,1,1,1,1,0,1,1,0,1,0,0,0,1,0,0,0,0)[1:nOfBugs]
permutations[74,] = c(1,1,1,1,1,1,1,0,1,1,0,1,0,0,1,1,0,0,0,0)[1:nOfBugs]
permutations[75,] = c(1,1,1,1,1,1,1,0,1,1,0,1,0,0,1,0,0,0,0,0)[1:nOfBugs]
permutations[76,] = c(1,1,1,1,1,1,1,0,1,1,0,1,0,0,0,1,0,0,0,0)[1:nOfBugs]
permutations[77,] = c(1,1,1,1,1,1,1,0,1,1,0,1,0,0,1,1,0,0,0,0)[1:nOfBugs]
permutations[78,] = c(1,1,1,1,1,1,0,0,1,1,0,1,0,0,1,0,0,0,0,0)[1:nOfBugs]
permutations[79,] = c(1,1,1,1,1,1,0,0,1,1,0,1,0,0,1,1,0,0,0,0)[1:nOfBugs]
permutations[80,] = c(1,1,1,1,1,1,1,0,1,1,0,1,0,0,1,1,0,0,0,0)[1:nOfBugs]
permutations[81,] = c(1,1,1,1,1,1,0,0,1,1,0,1,0,0,1,1,0,0,0,0)[1:nOfBugs]
permutations[82,] = c(1,1,1,1,1,1,1,0,1,1,0,1,0,0,1,1,0,0,0,0)[1:nOfBugs]
permutations[83,] = c(1,1,1,1,1,1,1,0,1,1,0,1,0,0,1,1,0,0,0,0)[1:nOfBugs]
permutations[84,] = c(1,1,1,1,1,1,0,0,1,1,0,1,0,0,1,1,0,0,0,0)[1:nOfBugs]
permutations[85,] = c(1,1,1,1,1,1,0,0,1,1,0,1,0,0,1,1,0,0,0,0)[1:nOfBugs]
permutations[86,] = c(1,1,1,1,1,1,1,0,1,1,0,1,0,0,1,1,0,0,0,0)[1:nOfBugs]
permutations[87,] = c(1,1,1,1,1,1,1,0,1,1,0,1,0,0,1,1,0,0,0,0)[1:nOfBugs]
