#use this script to load all your data

testColumnifyFull <-        c(1,1,1,1,1,1,1,0,1,1,1,1,0,0,1,1,0,0,0,0)
testColumnifyFullMinimal <- c(1,1,1,1,1,1,1,0,1,1,1,1,0,0,1,1,0,0,0,0)
testColumnify90P <-         c(1,1,1,1,1,1,1,0,1,0,0,1,0,0,0,0,0,0,0,0)
testColumnify90PMinimal <-  c(1,1,1,1,1,1,1,0,1,0,0,1,0,0,0,0,0,0,0,0)
testColumnify80P <-         c(0,1,0,1,0,0,0,0,1,0,0,1,0,0,0,0,0,0,0,0)
testColumnify80PMinimal <-  c(0,1,0,1,0,0,0,0,1,0,0,1,0,0,0,0,0,0,0,0)
testColumnify70P <-          c(0,1,0,1,0,0,0,0,1,0,0,1,0,0,0,0,0,0,0,0)
testColumnify70PMinimal <-  c(0,1,0,1,0,0,0,0,1,0,0,1,0,0,0,0,0,0,0,0)
testColumnify40P <-          c(0,0,0,0,0,0,0,0,0,0,0,0,0,0,0,0,0,0,0,0)
testColumnify40PMinimal <-  c(0,0,0,0,0,0,0,0,0,0,0,0,0,0,0,0,0,0,0,0)
testColumnify30P <-          c(0,0,0,0,0,0,0,0,0,0,0,0,0,0,0,0,0,0,0,0)
testColumnify30PMinimal <-  c(0,0,0,0,0,0,0,0,0,0,0,0,0,0,0,0,0,0,0,0)
  

permutations <- matrix(nrow = 100, ncol = 20)

permutations[1,] = c(1,1,1,1,1,1,1,0,1,1,0,1,0,0,1,0,0,0,0,0)
permutations[2,] = c(1,1,1,1,1,1,0,0,1,1,0,1,0,0,0,1,0,0,0,0)
permutations[3,] = c(1,1,1,1,1,1,1,0,1,1,0,1,0,0,1,1,0,0,0,0)
permutations[4,] = c(1,1,1,1,1,1,1,0,1,1,0,1,0,0,1,1,0,0,0,0)
permutations[5,] = c(1,1,1,1,1,1,1,0,1,1,0,1,0,0,1,1,0,0,0,0)
permutations[6,] = c(1,1,1,1,1,1,1,0,1,1,0,1,0,0,1,1,0,0,0,0)
permutations[7,] = c(1,1,1,1,1,1,1,0,1,1,0,1,0,0,1,1,0,0,0,0)
permutations[8,] = c(1,1,1,1,1,1,1,0,1,1,0,1,0,0,1,1,0,0,0,0)
permutations[9,] = c(1,1,1,1,1,1,1,0,1,1,0,1,0,0,1,1,0,0,0,0)
permutations[10,] = c(1,1,1,1,1,1,1,0,1,1,0,1,0,0,1,1,0,0,0,0)
permutations[11,] = c(1,1,1,1,1,1,0,0,1,1,0,1,0,0,1,0,0,0,0,0)
permutations[12,] = c(1,1,1,1,1,1,1,0,1,1,0,1,0,0,0,0,0,0,0,0)
permutations[13,] = c(1,1,1,1,1,1,1,0,1,1,0,1,0,0,1,1,0,0,0,0)
permutations[14,] = c(1,1,1,1,1,1,1,0,1,1,0,1,0,0,1,1,0,0,0,0)
permutations[15,] = c(1,1,1,1,1,1,1,0,1,1,0,1,0,0,0,0,0,0,0,0)
permutations[16,] = c(1,1,1,1,1,1,1,0,1,1,0,1,0,0,1,1,0,0,0,0)
permutations[17,] = c(1,1,1,1,1,1,1,0,1,1,0,1,0,0,1,1,0,0,0,0)
permutations[18,] = c(1,1,1,1,1,1,1,0,1,1,0,1,0,0,1,1,0,0,0,0)
permutations[19,] = c(1,1,1,1,1,1,1,0,1,1,0,1,0,0,1,1,0,0,0,0)
permutations[20,] = c(1,1,1,1,1,1,1,0,1,1,0,1,0,0,1,1,0,0,0,0)
permutations[21,] = c(1,1,1,1,1,1,1,0,1,1,0,1,0,0,0,1,0,0,0,0)
permutations[22,] = c(1,1,1,1,1,1,1,0,1,1,0,1,0,0,0,0,0,0,0,0)
permutations[23,] = c(1,1,1,1,1,1,1,0,1,1,0,1,0,0,1,0,0,0,0,0)
permutations[24,] = c(1,1,1,1,1,1,0,0,1,1,0,1,0,0,1,0,0,0,0,0)
permutations[25,] = c(1,1,1,1,1,1,1,0,1,1,0,1,0,0,0,1,0,0,0,0)
permutations[26,] = c(1,1,1,1,1,1,1,0,1,1,0,1,0,0,1,1,0,0,0,0)
permutations[27,] = c(1,1,1,1,1,1,1,0,1,1,0,1,0,0,0,1,0,0,0,0)
permutations[28,] = c(1,1,1,1,1,1,1,0,1,1,0,1,0,0,1,0,0,0,0,0)
permutations[29,] = c(1,1,1,1,1,1,1,0,1,1,0,1,0,0,0,1,0,0,0,0)
permutations[30,] = c(1,1,1,1,1,1,1,0,1,1,0,1,0,0,1,1,0,0,0,0)
permutations[31,] = c(1,1,1,1,1,1,1,0,1,1,0,1,0,0,1,1,0,0,0,0)
permutations[32,] = c(1,1,1,1,1,1,1,0,1,1,0,1,0,0,0,0,0,0,0,0)
permutations[33,] = c(1,1,1,1,1,1,0,0,1,1,0,1,0,0,1,0,0,0,0,0)
permutations[34,] = c(1,1,1,1,1,1,0,0,1,1,0,1,0,0,0,1,0,0,0,0)
permutations[35,] = c(1,1,1,1,1,1,1,0,1,1,0,1,0,0,1,1,0,0,0,0)
permutations[36,] = c(1,1,1,1,1,1,0,0,1,1,0,1,0,0,0,1,0,0,0,0)
permutations[37,] = c(1,1,1,1,1,1,1,0,1,1,0,1,0,0,1,1,0,0,0,0)
permutations[38,] = c(1,1,1,1,1,1,1,0,1,1,0,1,0,0,1,1,0,0,0,0)
permutations[39,] = c(1,1,1,1,1,1,0,0,1,1,0,1,0,0,0,1,0,0,0,0)
permutations[40,] = c(1,1,1,1,1,1,1,0,1,1,0,1,0,0,1,1,0,0,0,0)
permutations[41,] = c(1,1,1,1,1,1,1,0,1,1,0,1,0,0,0,1,0,0,0,0)
permutations[42,] = c(1,1,1,1,1,1,1,0,1,1,0,1,0,0,1,1,0,0,0,0)
permutations[43,] = c(1,1,1,1,1,1,1,0,1,1,0,1,0,0,1,1,0,0,0,0)
permutations[44,] = c(1,1,1,1,1,1,1,0,1,1,0,1,0,0,1,0,0,0,0,0)
permutations[45,] = c(1,1,1,1,1,1,1,0,1,1,0,1,0,0,1,1,0,0,0,0)
permutations[46,] = c(1,1,1,1,1,1,1,0,1,1,0,1,0,0,0,1,0,0,0,0)
permutations[47,] = c(1,1,1,1,1,1,1,0,1,1,0,1,0,0,0,1,0,0,0,0)
permutations[48,] = c(1,1,1,1,1,1,1,0,1,1,0,1,0,0,1,1,0,0,0,0)
permutations[49,] = c(1,1,1,1,1,1,1,0,1,1,0,1,0,0,1,1,0,0,0,0)
permutations[50,] = c(1,1,1,1,1,1,1,0,1,1,0,1,0,0,1,1,0,0,0,0)
permutations[51,] = c(1,1,1,1,1,1,1,0,1,1,0,1,0,0,0,1,0,0,0,0)
permutations[52,] = c(1,1,1,1,1,1,1,0,1,1,0,1,0,0,1,1,0,0,0,0)
permutations[53,] = c(1,1,1,1,1,1,1,0,1,1,0,1,0,0,1,0,0,0,0,0)
permutations[54,] = c(1,1,1,1,1,1,1,0,1,1,0,1,0,0,1,1,0,0,0,0)
permutations[55,] = c(1,1,1,1,1,1,1,0,1,1,0,1,0,0,0,1,0,0,0,0)
permutations[56,] = c(1,1,1,1,1,1,1,0,1,1,0,1,0,0,1,1,0,0,0,0)
permutations[57,] = c(1,1,1,1,1,1,1,0,1,1,0,1,0,0,1,1,0,0,0,0)
permutations[58,] = c(1,1,1,1,1,1,0,0,1,1,0,1,0,0,1,1,0,0,0,0)
permutations[59,] = c(1,1,1,1,1,1,1,0,1,1,0,1,0,0,1,1,0,0,0,0)
permutations[60,] = c(1,1,1,1,1,1,1,0,1,1,0,1,0,0,1,1,0,0,0,0)
permutations[61,] = c(1,1,1,1,1,1,1,0,1,1,0,1,0,0,1,0,0,0,0,0)
permutations[62,] = c(1,1,1,1,1,1,0,0,1,1,0,1,0,0,1,1,0,0,0,0)
permutations[63,] = c(1,1,1,1,1,1,1,0,1,1,0,1,0,0,1,1,0,0,0,0)
permutations[64,] = c(1,1,1,1,1,1,1,0,1,1,0,1,0,0,1,1,0,0,0,0)
permutations[65,] = c(1,1,1,1,1,1,1,0,1,1,0,1,0,0,1,1,0,0,0,0)
permutations[66,] = c(1,1,1,1,1,1,1,0,1,1,0,1,0,0,1,0,0,0,0,0)
permutations[67,] = c(1,1,1,1,1,1,1,0,1,1,0,1,0,0,1,1,0,0,0,0)
permutations[68,] = c(1,1,1,1,1,1,0,0,1,1,0,1,0,0,1,1,0,0,0,0)
permutations[69,] = c(1,1,1,1,1,1,1,0,1,1,0,1,0,0,0,1,0,0,0,0)
permutations[70,] = c(1,1,1,1,1,1,1,0,1,1,0,1,0,0,1,1,0,0,0,0)
permutations[71,] = c(1,1,1,1,1,1,1,0,1,1,0,1,0,0,0,1,0,0,0,0)
permutations[72,] = c(1,1,1,1,1,1,0,0,1,1,0,1,0,0,1,1,0,0,0,0)
permutations[73,] = c(1,1,1,1,1,1,1,0,1,1,0,1,0,0,0,1,0,0,0,0)
permutations[74,] = c(1,1,1,1,1,1,1,0,1,1,0,1,0,0,1,1,0,0,0,0)
permutations[75,] = c(1,1,1,1,1,1,1,0,1,1,0,1,0,0,1,0,0,0,0,0)
permutations[76,] = c(1,1,1,1,1,1,1,0,1,1,0,1,0,0,0,1,0,0,0,0)
permutations[77,] = c(1,1,1,1,1,1,1,0,1,1,0,1,0,0,1,1,0,0,0,0)
permutations[78,] = c(1,1,1,1,1,1,0,0,1,1,0,1,0,0,1,0,0,0,0,0)
permutations[79,] = c(1,1,1,1,1,1,0,0,1,1,0,1,0,0,1,1,0,0,0,0)
permutations[80,] = c(1,1,1,1,1,1,1,0,1,1,0,1,0,0,1,1,0,0,0,0)
permutations[81,] = c(1,1,1,1,1,1,0,0,1,1,0,1,0,0,1,1,0,0,0,0)
permutations[82,] = c(1,1,1,1,1,1,1,0,1,1,0,1,0,0,1,1,0,0,0,0)
permutations[83,] = c(1,1,1,1,1,1,1,0,1,1,0,1,0,0,1,1,0,0,0,0)
permutations[84,] = c(1,1,1,1,1,1,0,0,1,1,0,1,0,0,1,1,0,0,0,0)
permutations[85,] = c(1,1,1,1,1,1,0,0,1,1,0,1,0,0,1,1,0,0,0,0)
permutations[86,] = c(1,1,1,1,1,1,1,0,1,1,0,1,0,0,1,1,0,0,0,0)
permutations[87,] = c(1,1,1,1,1,1,1,0,1,1,0,1,0,0,1,1,0,0,0,0)
permutations[88,] = c(1,1,1,1,1,1,1,0,1,1,0,1,0,0,1,1,0,0,0,0)
permutations[89,] = c(1,1,1,1,1,1,1,0,1,1,0,1,0,0,1,1,0,0,0,0)
permutations[90,] = c(1,1,1,1,1,1,1,0,1,1,0,1,0,0,1,0,0,0,0,0)
permutations[91,] = c(1,1,1,1,1,1,1,0,1,1,0,1,0,0,0,1,0,0,0,0)
permutations[92,] = c(1,1,1,1,1,1,1,0,1,1,0,1,0,0,1,1,0,0,0,0)
permutations[93,] = c(1,1,1,1,1,1,1,0,1,1,0,1,0,0,0,0,0,0,0,0)
permutations[94,] = c(1,1,1,1,1,1,1,0,1,1,0,1,0,0,1,1,0,0,0,0)
permutations[95,] = c(1,1,1,1,1,1,1,0,1,1,0,1,0,0,1,1,0,0,0,0)
permutations[96,] = c(1,1,1,1,1,1,1,0,1,1,0,1,0,0,1,0,0,0,0,0)
permutations[97,] = c(1,1,1,1,1,1,1,0,1,1,0,1,0,0,1,1,0,0,0,0)
permutations[98,] = c(1,1,1,1,1,1,1,0,1,1,0,1,0,0,1,1,0,0,0,0)
permutations[99,] = c(1,1,1,1,1,1,1,0,1,1,0,1,0,0,0,0,0,0,0,0)
permutations[100,] = c(1,1,1,1,1,1,1,0,1,1,0,1,0,0,1,1,0,0,0,0)


testColumnifyCoverages <- c(99.54,90.87,80.37,70.78,40.64,29.22)

#testColumnifyCases <- c(35,30,20,10,5,3,2,1,0)
#testColumnifyCasesCoverages <- c(100,100,93.02,67.44,65.12,62.79,37.21,30.23,0)

testColumnifyCoverageDetailed <- data.frame(testColumnifyFull,testColumnify90P,testColumnify80P,testColumnify70P,testColumnify40P,testColumnify30P)
testColumnifyCoverageMinimalDetailed <- data.frame(testColumnifyFullMinimal,testColumnify90PMinimal,testColumnify80PMinimal,testColumnify70PMinimal,testColumnify40PMinimal,testColumnify30PMinimal)
#testColumnifyCasesDetailed <- data.frame(testColumnify35C,testColumnify30C,testColumnify20C,testColumnify10C,testColumnify5C,testColumnify3C,testColumnify2C,testColumnify1C,testColumnify0C)
